Mean Noise Amplitude <length scales>
-----------ALL SAMPLES-------------
0.452520746243 0.0644889840705 0.966037050892 1.70095300444 1.35119107278 1.04830770262 0.532948073229 0.470892272235 
0.366019881941 0.0928886359371 0.82541535271 0.751310339009 0.489017029881 0.904128111291 0.483109228293 1.90691111676 
0.353955089954 0.0257046362684 0.788557365207 0.9175745916 1.56609468508 1.71399596638 0.494499261679 1.43592526092 
0.372788642016 0.0266789136938 0.783088499682 1.42011675742 0.941051136234 1.61146346582 1.57625137343 1.89892254576 
0.378965677937 0.0217641099609 0.785292618691 1.90203347415 0.516944123496 1.56788221106 1.7134899078 1.19996337574 
0.373495314592 0.0399787576689 0.775212334017 1.62367222008 1.56449635624 1.88834367184 1.49918836072 1.78584499494 
0.394476783838 0.0394655504106 0.787896021261 1.90412962203 1.90249589245 1.68180524765 1.74549527664 0.237011175439 
0.388160259737 0.0157693196228 0.798849957057 0.675440415676 1.24679149078 0.678364730982 1.73588917361 0.639086403261 
0.378656296994 0.0196380818218 0.814533950546 1.43611796642 1.24603875379 1.71084272138 1.72936727146 1.05779008389 
0.360148917257 0.0282880555967 0.794861262708 1.83652250453 1.25956956318 1.72263100899 1.20729487802 1.75586496535 
-----------MEAN OF SAMPLES-------------
0.381918761051 0.0374665045052 0.811974441277 1.41678708953 1.20836901039 1.4527764838 1.27175328049 1.23882121943 
